// 24 + 8
// 256    128 64 32 16    8 4 2 1      
             1               
0000 0000 0001 1000
0000 0000 0000 1000
-------------------
0000 0000 0010 0000 
32

// 24 - 8
                   
0000 0000 0001 1000
0000 0000 0000 1000
-------------------
0000 0000 0001 0000
16

// 24 OR 8
0000 0000 0001 1000
0000 0000 0000 1000
-------------------
0000 0000 0001 1000
x y x|y
0 0 0
0 1 1
1 0 1
1 1 1

// 24 AND 8
0000 0000 0001 1000
0000 0000 0000 1000
-------------------
0000 0000 0000 1000
x y x&y
0 0 0
0 1 0
1 0 0
1 1 1

// 24 XOR 8
0000 0000 0001 1000
0000 0000 0000 1000
-------------------
0000 0000 0001 0000
x y x^y
0 0 0
0 1 0
1 0 1
1 1 0


// 24 >> 2
0000 0000 0001 1000
-------------------
0000 0000 0000 0110

// 24 << 2
0000 0000 0001 1000
-------------------
0000 0000 0110 0000

// NOT 24
0000 0000 0001 1000
-------------------
1111 1111 1110 0111
